23,20
23,19
23,18
23,17
23,16
23,15
23,14
23,13
23,12
23,11
23,10
23,9
23,8
23,7
23,6
23,5
23,4
23,3
3,1
3,3
10,198
10,314
10,214
10,141
10,75
10,67
10,268
11,27
11,6
11,15
11,29
11,23
11,24
9,7
9,5
8,11
8,12
8,18
8,10
8,6
20,2
20,1
20,3
19,2
19,1
19,3
24,11
24,10
24,9
24,8
24,7
24,6
24,5
24,4
24,3
24,2
24,1
24,0
23,115
23,114
23,113
23,112
23,111
23,110
23,109
23,108
23,107
23,106
23,105
23,104
23,103
23,102
23,101
23,100
23,99
23,98
23,97
23,96
23,95
23,94
23,93
23,92
23,91
23,90
23,89
23,88
23,87
23,86
23,85
